502 238
503 238
505 239
506 239
507 240
509 241
510 241
511 242
512 242
513 243
497 236
498 237
499 236
500 237
501 238
503 238
504 239
505 239
507 240
509 241
510 242
511 243
513 243
514 244
515 245
492 234
493 235
494 235
495 235
496 236
497 236
498 237
499 237
501 238
502 239
503 239
505 240
506 240
508 242
510 243
511 243
513 244
514 245
516 246
488 233
489 233
489 233
490 234
491 234
492 234
493 235
494 236
496 236
496 236
498 237
499 237
500 238
501 239
503 240
505 241
506 241
508 242
510 243
512 244
513 245
515 246
517 247
483 232
483 232
484 232
485 232
485 232
486 232
487 233
488 234
489 234
490 234
492 235
493 235
494 236
495 236
496 237
497 238
499 238
500 239
502 240
503 241
505 241
506 242
508 243
510 244
512 245
514 247
516 248
480 232
481 232
482 232
482 232
482 232
483 232
484 232
485 233
486 233
487 234
488 234
489 234
491 235
491 236
492 236
493 236
495 237
496 238
498 239
499 239
500 240
502 240
503 241
505 242
507 243
509 244
510 245
514 247
516 248
479 232
478 232
479 232
479 231
479 231
480 231
481 232
482 232
483 232
484 233
485 234
486 234
487 234
488 235
489 235
490 236
492 237
493 237
494 238
495 238
497 239
498 239
499 240
501 241
502 241
504 243
506 243
508 244
510 246
514 248
516 249
477 233
477 232
476 231
476 231
476 231
476 231
477 231
478 232
479 232
480 232
481 233
482 233
483 233
484 234
485 235
486 235
488 236
489 236
490 236
491 237
492 238
494 238
495 239
496 239
497 240
499 241
500 241
502 242
504 243
505 244
507 245
510 247
514 249
474 233
474 232
474 232
474 231
474 231
475 231
475 232
476 232
477 232
478 233
479 233
480 233
481 234
482 234
483 234
484 235
485 235
486 236
487 236
488 237
489 237
491 238
492 239
493 239
494 239
496 240
497 240
499 242
500 242
501 243
503 244
505 245
508 247
510 248
514 251
473 233
472 233
472 232
472 232
472 232
473 232
473 231
474 232
475 232
475 233
476 233
477 233
478 233
479 234
480 234
481 234
481 235
482 235
484 236
485 236
486 237
487 237
488 238
489 238
491 239
492 239
493 239
494 240
496 241
497 241
498 242
500 243
502 244
504 245
506 246
508 248
511 249
514 252
470 233
470 233
470 232
470 232
471 232
471 232
471 232
472 233
473 232
474 233
474 233
475 234
476 234
477 234
478 234
479 235
480 235
480 235
481 236
482 236
483 236
485 237
486 238
487 238
488 239
489 239
491 240
492 240
493 241
494 241
496 242
497 243
498 243
500 244
502 245
504 247
506 248
509 249
513 252
516 254
468 233
467 233
468 233
468 233
469 233
469 233
470 233
471 233
471 233
472 234
473 233
473 234
474 234
475 234
476 235
477 235
478 235
479 236
479 236
480 236
481 237
482 237
483 237
484 238
486 239
487 239
488 240
489 240
491 241
492 241
493 242
494 242
496 243
497 244
499 245
500 245
502 247
505 248
507 249
509 251
514 253
516 255
466 234
465 233
466 233
466 233
466 233
467 233
468 233
469 234
469 234
470 234
470 234
471 234
472 234
473 234
473 235
474 235
475 235
476 236
477 236
477 236
478 236
479 237
480 237
481 237
482 238
483 238
484 239
486 240
487 240
488 241
489 241
491 242
492 242
493 243
495 244
496 244
498 245
499 246
501 247
503 248
505 249
508 251
510 253
515 255
465 235
464 234
464 233
464 233
464 233
465 234
466 233
467 234
468 234
468 234
469 234
469 234
470 235
471 235
472 235
472 235
473 235
474 236
475 236
476 236
476 236
477 237
478 237
479 238
480 238
481 238
482 239
483 239
484 240
486 241
487 241
488 242
490 242
491 243
492 244
494 244
495 245
497 246
498 247
500 248
502 249
504 250
506 251
509 253
513 256
516 257
463 235
463 234
462 234
463 234
463 234
463 234
464 234
465 235
466 234
467 235
467 235
468 235
469 235
469 235
470 236
471 236
471 236
472 236
473 236
474 237
475 237
476 237
476 237
477 238
478 238
479 239
480 239
481 239
482 240
483 240
485 241
486 242
487 242
489 243
490 243
491 244
493 245
494 246
496 247
497 247
499 248
501 249
503 250
505 252
507 253
510 255
514 257
461 235
461 235
460 234
461 234
461 234
462 234
462 234
463 235
464 235
465 235
466 235
467 236
467 236
468 236
468 236
469 236
470 237
470 237
471 237
472 237
473 237
474 238
475 238
475 238
476 238
477 239
478 239
479 240
480 240
481 241
482 241
483 241
485 242
486 243
488 244
489 244
490 245
492 246
493 246
495 247
496 248
498 249
500 250
502 251
503 252
506 253
509 255
513 258
515 259
459 235
459 235
459 235
459 234
459 234
460 235
461 235
462 235
462 235
463 236
464 236
465 236
466 236
466 236
467 237
467 237
468 237
469 237
470 237
470 238
471 238
472 238
473 238
474 239
475 239
475 239
476 239
477 240
478 240
479 241
480 241
481 242
482 242
484 243
485 243
486 244
488 245
490 246
491 247
492 247
494 248
495 249
497 250
499 251
501 252
503 253
505 254
508 256
510 257
514 260
456 235
456 235
457 235
457 235
457 235
458 235
459 235
460 236
461 236
461 236
462 236
463 236
464 237
465 237
465 237
466 237
467 238
467 238
468 238
469 238
469 238
470 239
471 239
472 239
473 239
474 240
474 240
475 240
476 240
477 241
478 241
479 242
480 242
481 243
483 243
484 244
485 245
487 246
489 247
490 247
492 248
493 249
495 250
496 250
498 252
500 252
502 254
504 255
506 256
509 258
513 260
454 235
454 235
454 235
455 235
455 235
456 235
457 236
458 236
459 236
460 236
460 237
461 237
462 237
463 237
464 238
464 238
465 238
466 238
466 238
467 239
468 239
468 239
469 239
470 240
471 240
472 240
473 240
474 241
474 241
475 241
476 241
477 242
478 243
479 243
480 243
482 244
483 245
484 245
486 246
488 247
490 248
491 249
493 250
494 251
496 251
497 252
499 253
501 254
503 255
506 257
508 258
512 261
514 262
451 235
451 235
452 235
453 235
454 235
455 236
455 236
456 236
457 237
458 237
459 237
460 237
460 238
461 238
462 238
463 238
464 239
464 239
465 239
466 239
466 239
467 240
467 240
468 240
469 240
470 241
471 241
472 241
473 241
473 242
474 242
475 242
476 243
477 243
478 244
480 244
481 245
482 245
484 246
485 247
487 248
489 249
490 250
492 251
494 252
495 253
497 253
498 254
501 255
502 256
504 257
507 259
509 260
513 263
448 235
449 234
449 235
450 235
451 235
452 236
453 236
453 236
454 237
455 237
456 237
457 238
458 238
459 238
459 238
460 239
461 239
462 239
463 239
463 239
464 240
465 240
465 240
466 240
467 241
468 241
468 241
469 241
470 242
471 242
472 242
473 243
474 243
475 244
476 244
477 244
478 245
479 245
480 246
481 246
483 247
484 248
486 248
488 250
490 251
491 252
493 252
494 253
497 254
498 255
500 256
501 257
503 258
505 259
508 261
512 263
445 234
446 234
446 234
447 235
448 235
449 235
450 236
452 236
453 237
453 237
454 238
455 238
456 238
457 238
458 239
458 239
459 239
460 240
461 240
462 240
462 240
463 240
464 241
465 241
465 241
466 241
467 242
468 242
469 242
469 242
470 243
471 243
472 243
473 244
474 244
475 245
476 245
477 246
478 246
479 246
481 247
482 248
484 249
485 250
487 251
489 251
491 253
493 253
494 254
496 255
497 256
499 257
500 257
502 258
504 260
506 261
509 263
443 234
444 234
445 235
446 235
446 235
448 236
449 236
450 237
451 237
452 237
452 238
453 238
454 239
455 239
456 239
457 239
457 240
458 240
459 240
460 240
461 241
462 241
462 241
463 241
464 242
465 242
465 242
466 242
467 243
468 243
469 243
470 244
471 244
472 244
473 245
474 245
474 246
475 246
476 246
478 247
479 247
480 248
481 249
483 249
484 250
487 252
489 253
490 253
492 254
493 255
495 256
496 256
498 257
499 258
501 259
503 260
505 261
508 263
445 237
443 235
442 235
443 235
444 235
444 236
445 236
446 236
447 237
448 237
449 237
450 238
451 238
452 238
453 239
454 239
455 239
456 240
456 240
457 241
458 241
459 241
460 241
461 242
461 242
462 242
463 242
464 243
465 243
466 243
467 244
467 244
468 244
469 245
470 245
471 246
472 246
473 246
474 247
475 247
476 248
477 248
478 248
480 249
481 250
482 250
484 251
486 252
488 253
489 254
491 255
492 256
494 256
495 257
497 258
498 259
500 259
502 261
504 262
507 264
444 238
441 236
442 236
441 236
442 235
443 236
443 236
444 237
445 237
446 237
447 238
448 238
449 238
450 239
451 239
452 240
453 240
454 240
455 240
455 241
456 241
457 242
458 242
459 242
460 242
460 243
461 243
462 243
463 244
464 244
465 244
466 245
467 245
468 245
469 246
470 246
471 247
472 247
473 247
474 248
475 248
476 249
477 249
478 250
479 250
480 251
482 251
483 252
484 253
487 254
488 255
490 256
491 256
493 257
494 258
496 259
497 259
499 260
501 261
503 263
506 264
440 236
440 236
440 236
441 236
442 237
442 237
444 238
445 238
446 238
447 239
448 239
449 239
450 240
450 240
451 240
452 241
453 241
454 242
455 242
455 242
456 242
457 243
458 243
459 243
460 244
460 244
461 244
462 244
464 245
465 245
466 246
467 246
468 247
468 247
469 247
470 248
472 248
473 249
474 249
475 249
476 250
477 250
478 251
479 251
480 252
482 253
483 253
484 254
486 255
488 256
489 256
490 257
492 258
493 258
495 259
496 260
498 261
500 262
502 263
442 240
439 238
439 237
439 237
439 237
440 237
441 238
441 237
442 238
443 238
444 239
445 239
446 239
447 240
448 240
449 240
449 241
450 241
451 241
452 242
453 242
454 242
455 243
456 243
457 244
458 244
458 244
459 244
460 245
461 245
462 245
463 246
464 246
465 247
466 247
467 248
468 248
469 248
471 249
471 249
472 250
473 250
474 251
476 251
477 252
478 252
479 252
480 253
481 254
482 254
484 255
485 256
487 256
488 257
489 257
491 258
492 259
494 260
495 261
497 262
499 263
502 265
438 238
437 238
438 237
439 238
439 238
440 238
441 239
442 239
442 239
443 239
444 240
445 240
446 240
447 241
448 241
448 241
450 242
451 242
452 243
453 243
453 243
455 244
455 244
456 244
457 245
458 245
459 245
460 246
461 246
461 246
462 247
464 248
465 248
466 248
467 249
468 249
469 250
470 250
471 250
472 251
474 252
474 252
475 252
476 253
477 253
478 253
479 254
481 255
482 255
483 256
484 256
486 257
487 258
488 258
490 259
491 260
493 260
495 262
497 263
499 264
502 266
437 240
437 239
437 239
436 238
437 238
438 238
438 239
439 239
440 239
441 239
442 240
442 240
443 241
444 241
445 241
446 242
447 242
448 242
449 243
450 243
451 243
452 244
453 244
454 245
455 245
455 245
456 246
457 246
458 246
459 247
460 247
461 247
462 248
463 249
464 249
465 249
466 250
468 250
469 251
470 251
471 252
472 252
473 253
474 253
475 253
476 254
477 254
478 255
479 255
480 256
481 256
483 257
484 257
485 258
486 258
488 259
489 260
491 261
492 261
494 263
496 264
499 265
502 267
436 240
435 240
435 239
435 239
435 239
436 239
437 240
437 239
438 240
439 240
440 241
441 240
441 241
442 241
443 242
444 242
445 242
446 243
447 243
448 243
449 244
450 244
451 245
452 245
453 246
454 246
455 246
456 247
457 247
458 247
459 248
460 248
461 248
462 249
463 250
464 250
465 250
466 251
467 251
468 252
469 252
471 253
472 253
473 254
474 254
475 254
476 255
476 255
478 256
479 256
480 257
481 257
482 258
483 258
484 259
486 259
487 260
488 261
490 261
492 263
494 264
497 265
499 267
502 268
433 240
434 240
433 240
434 240
434 239
435 240
436 240
436 240
437 240
438 241
438 241
439 241
440 241
441 242
442 242
443 243
444 243
445 243
446 244
447 244
448 244
448 245
449 245
450 245
451 246
452 246
454 247
455 247
456 248
456 248
457 248
458 249
459 249
460 250
461 250
463 251
464 251
465 251
465 252
467 253
468 253
469 253
470 254
471 254
472 255
473 255
474 256
475 256
477 257
478 257
479 257
479 258
480 258
481 259
483 259
484 260
485 260
486 261
488 262
489 262
491 264
494 265
496 266
499 268
432 241
432 240
431 240
432 240
433 240
433 240
434 240
435 241
436 241
437 242
437 241
438 242
439 242
440 243
440 242
441 243
442 243
443 244
444 244
445 245
446 245
447 245
448 246
449 246
450 246
451 247
452 247
453 248
454 248
455 248
456 249
457 249
458 250
459 250
460 251
461 251
462 252
463 252
464 252
465 253
467 254
468 254
468 254
470 255
471 255
472 256
473 256
474 257
475 257
476 258
477 258
478 258
479 259
480 259
481 260
482 260
483 261
485 262
486 262
487 263
490 264
492 265
494 267
497 269
500 270
431 242
430 241
430 241
430 241
430 240
431 240
432 241
433 241
434 241
434 242
435 242
436 242
437 242
438 243
438 243
439 243
440 244
441 244
442 244
442 245
443 245
444 245
445 246
446 246
447 246
448 247
449 248
450 248
451 248
452 249
453 249
454 249
455 250
456 250
457 250
458 251
459 252
460 252
461 252
463 253
464 253
465 254
466 254
467 255
468 255
469 256
470 257
471 257
472 257
473 258
474 258
475 258
476 259
478 260
479 260
480 260
481 261
482 261
483 262
485 263
486 263
488 264
490 266
492 267
495 269
498 270
500 272
429 242
429 242
428 241
428 241
429 241
429 241
430 241
431 242
432 242
433 242
433 242
434 243
435 243
436 243
437 243
437 244
438 244
439 245
440 245
441 245
442 246
443 246
444 246
445 247
446 247
447 247
448 248
448 248
449 249
450 249
451 249
453 250
454 250
455 251
456 251
457 251
457 252
459 253
460 253
461 253
462 254
463 255
464 255
465 255
466 256
467 256
469 257
469 257
470 258
471 258
473 259
474 259
475 259
476 260
477 260
478 261
479 261
481 262
482 262
483 263
485 264
486 265
488 266
491 268
493 269
496 270
498 272
428 243
427 242
427 242
427 241
427 241
428 241
428 242
429 242
430 242
431 243
432 243
432 243
433 243
434 244
435 244
436 244
436 244
437 245
438 245
439 246
440 246
441 246
442 247
443 247
444 247
445 248
446 248
447 248
447 249
449 250
450 250
451 250
452 251
453 251
454 252
455 252
456 253
457 253
458 253
459 254
460 254
461 255
462 255
463 256
464 256
466 257
467 257
468 257
468 258
470 259
471 259
472 259
473 260
474 260
475 261
476 261
478 262
479 262
480 263
481 264
483 265
485 266
487 267
489 268
492 269
494 271
496 272
499 274
426 244
425 243
425 242
425 242
426 242
426 242
427 242
427 242
428 243
429 243
430 243
431 244
432 244
432 244
433 244
434 245
435 245
435 245
436 245
437 246
438 246
439 247
440 247
441 247
442 248
443 248
444 248
445 249
446 249
446 249
448 250
448 250
449 250
451 251
452 252
453 252
454 253
455 253
456 254
457 254
458 255
459 255
460 255
461 256
463 257
464 257
465 257
466 258
467 258
468 259
469 259
471 260
471 260
472 261
474 262
475 262
476 262
477 263
479 264
480 264
481 265
483 266
486 267
488 269
490 270
492 271
495 273
497 274
500 276
425 245
425 244
424 244
424 243
424 243
424 242
424 242
425 243
426 243
426 243
427 243
428 244
428 244
429 244
430 244
431 245
431 245
432 245
433 245
434 246
435 246
436 246
437 247
438 247
439 248
440 248
440 248
441 248
442 249
443 249
444 249
445 250
445 250
446 250
448 251
449 252
450 252
451 252
452 253
453 253
454 254
456 255
457 255
457 255
459 256
460 256
461 257
462 257
463 258
464 258
465 259
466 259
468 260
469 260
470 261
471 261
472 262
474 263
474 263
475 263
477 264
478 265
480 266
482 267
484 268
486 269
488 270
491 272
493 273
496 275
498 276
423 245
423 244
422 244
423 244
423 243
423 243
424 243
424 244
425 244
426 244
426 244
427 244
427 244
428 245
429 245
430 245
431 246
432 246
432 246
433 246
434 247
435 247
435 247
436 247
437 248
438 248
439 248
440 249
441 249
442 250
443 250
444 250
445 251
446 251
447 252
448 252
449 253
450 253
451 254
452 254
454 255
455 255
456 256
457 256
458 257
459 257
460 258
461 258
462 259
464 259
465 260
466 260
467 261
468 261
469 262
471 262
472 263
473 264
474 264
476 265
477 266
479 266
480 267
483 269
485 270
487 271
489 272
492 274
494 275
496 277
421 245
421 245
421 244
421 244
422 244
421 244
422 244
423 244
424 244
424 245
425 245
425 245
426 245
426 245
427 245
428 246
429 246
430 246
430 246
431 247
432 247
433 247
434 248
435 248
436 248
437 249
438 249
439 249
439 250
440 250
441 251
442 251
443 251
444 252
445 252
446 252
447 253
448 254
449 254
450 254
452 255
453 255
454 256
455 257
456 257
458 258
459 258
459 259
461 259
462 260
463 260
464 261
465 261
466 262
468 262
469 263
470 264
471 264
473 265
474 265
475 266
477 267
478 267
480 268
483 270
486 272
488 273
490 274
492 276
495 277
420 245
419 245
420 245
419 244
420 244
421 245
421 245
421 245
422 245
423 245
423 245
424 245
424 245
425 246
426 246
426 246
427 246
428 247
429 247
430 247
431 248
431 248
432 248
433 248
434 249
435 249
436 249
437 250
438 250
438 250
439 251
440 251
441 252
443 252
444 253
445 253
445 253
446 254
447 254
449 255
450 255
451 256
452 256
453 257
454 257
456 258
457 258
458 259
459 260
460 260
461 261
462 261
463 261
465 262
466 263
467 263
469 264
470 265
471 265
472 266
474 267
475 267
477 268
478 269
482 271
484 272
486 273
488 275
490 276
493 278
496 279
417 245
417 245
417 245
418 245
418 245
419 245
420 245
421 246
421 246
422 246
422 246
422 246
423 246
424 246
425 247
425 247
426 247
427 247
428 248
428 248
429 248
430 248
431 249
432 249
432 249
433 250
434 250
435 250
436 251
437 251
438 252
439 252
440 252
441 253
442 253
443 253
444 254
445 254
446 255
447 255
448 256
449 256
450 257
451 257
452 257
454 258
455 259
456 259
457 260
459 261
460 261
460 261
462 262
463 262
464 263
465 264
467 264
468 265
470 266
471 266
472 267
474 268
475 269
477 270
479 270
482 272
484 274
486 275
489 277
492 278
494 279
415 246
416 245
416 245
417 246
417 246
418 246
419 246
420 246
420 247
421 247
421 247
422 247
422 247
423 247
424 247
424 248
425 248
426 248
427 248
428 249
428 249
429 249
430 250
431 250
432 250
433 251
434 251
435 251
436 252
437 252
438 253
439 253
439 253
440 254
441 254
442 254
443 255
444 255
445 255
447 256
447 257
448 257
449 257
450 258
452 259
453 259
454 260
455 260
457 261
458 261
459 262
460 262
462 263
463 264
464 264
466 265
467 266
468 266
470 267
471 268
473 269
474 269
476 270
477 271
480 273
482 274
485 275
487 277
489 278
492 280
415 247
415 246
415 246
415 246
416 246
417 247
418 247
418 247
419 247
419 247
420 247
421 248
421 248
422 248
423 248
423 248
424 249
425 249
425 249
426 249
427 250
428 250
429 250
430 251
431 251
432 251
433 252
434 252
434 253
435 253
436 253
437 254
438 254
439 254
440 255
441 255
442 255
443 256
444 256
445 257
445 257
446 257
448 258
449 258
450 259
451 260
452 260
454 261
455 261
456 261
457 262
458 263
460 263
461 264
462 265
464 265
465 266
467 267
468 268
470 269
471 269
473 270
474 271
476 272
477 272
481 274
483 276
485 277
487 278
490 280
492 281
414 248
414 247
414 247
414 247
415 247
416 247
417 248
417 248
418 248
418 248
419 248
419 248
420 249
421 249
422 249
422 249
423 249
424 250
424 250
425 250
426 250
427 251
428 251
428 251
429 251
430 252
431 252
432 253
433 253
434 254
435 254
436 254
437 255
438 255
439 255
440 256
440 256
441 256
442 257
443 257
444 258
445 258
446 258
448 259
448 259
449 260
450 260
452 261
453 261
454 262
455 263
457 263
458 264
459 264
461 265
462 266
463 266
465 267
466 268
468 269
469 270
471 270
473 272
474 272
476 273
479 275
481 276
483 277
485 279
487 280
490 281
413 249
413 248
412 247
413 247
413 247
414 248
415 248
416 248
417 249
417 249
417 249
418 249
419 249
419 249
420 250
420 250
421 250
422 250
423 250
424 251
424 251
425 251
426 251
427 252
428 252
428 252
429 253
430 253
432 254
433 254
434 255
435 255
435 255
436 256
437 256
438 256
439 257
440 257
441 258
442 258
443 258
444 259
445 259
446 259
447 260
448 261
449 261
450 261
451 262
452 262
454 263
455 264
456 264
458 265
459 266
460 266
462 267
463 268
465 269
466 269
468 270
470 271
472 272
473 273
475 274
477 275
479 277
482 278
484 279
485 280
488 282
412 249
411 248
411 248
412 248
412 248
413 249
414 249
415 249
416 249
416 249
417 250
418 250
419 250
419 250
420 251
421 251
421 251
422 251
423 252
423 252
424 252
425 252
426 253
427 253
428 253
429 254
430 254
431 255
432 255
433 256
434 256
435 256
436 257
437 257
438 257
439 258
440 258
441 259
441 259
442 259
443 260
444 260
445 260
447 261
448 262
449 262
449 262
450 263
452 263
453 264
454 265
456 265
457 266
459 267
460 267
461 268
463 269
465 270
467 271
468 272
470 273
472 274
474 275
475 276
479 278
481 279
482 280
484 281
486 282
411 250
410 249
409 248
410 248
411 249
411 249
412 249
413 249
414 250
415 250
415 250
416 250
417 251
418 251
418 251
419 251
419 251
420 252
421 252
422 252
422 252
423 253
424 253
425 253
426 254
427 254
428 254
429 255
429 255
431 256
432 256
433 257
434 257
435 257
436 258
436 258
437 258
438 259
439 259
440 260
441 260
442 260
443 261
444 261
445 262
446 262
447 263
448 263
449 263
450 264
452 265
453 265
454 266
456 266
457 267
459 268
460 269
462 270
463 270
465 271
467 272
468 273
470 274
472 276
474 276
477 278
479 280
481 280
483 281
409 250
409 249
408 249
409 249
410 249
411 250
411 250
412 250
413 250
414 251
414 251
415 251
416 251
417 252
417 252
418 252
419 252
420 253
420 253
421 253
422 253
423 254
424 254
424 254
425 255
426 255
427 255
428 256
429 256
431 257
431 257
432 258
433 258
434 258
436 259
437 260
438 260
438 260
439 261
440 261
441 261
442 261
442 262
443 262
444 262
446 263
447 264
448 264
449 264
450 265
452 266
453 266
454 267
456 268
457 269
459 270
460 270
462 271
463 272
465 273
467 274
468 275
471 276
473 277
475 278
478 280
479 281
481 282
408 251
407 250
407 249
407 250
408 249
409 250
410 250
410 251
411 250
412 251
413 251
413 252
414 252
415 252
416 252
416 253
417 253
418 253
419 253
419 254
420 254
421 254
422 255
423 255
424 255
425 256
426 256
427 256
428 257
429 257
430 258
431 258
432 259
433 259
434 259
435 260
436 261
437 261
438 261
439 262
440 262
441 262
441 262
442 263
443 263
445 264
445 264
446 265
447 265
448 265
450 266
451 267
453 268
454 269
455 269
457 270
458 271
460 272
462 273
463 273
466 275
467 275
469 277
471 278
473 279
476 280
478 282
408 253
407 252
406 251
406 251
405 250
406 250
406 250
407 250
408 250
409 251
409 251
410 252
411 251
412 252
412 252
413 253
414 253
415 253
416 254
416 254
417 254
418 254
419 255
420 255
421 255
421 255
422 256
423 256
425 257
425 257
426 258
427 258
428 258
430 259
431 259
432 260
432 260
433 261
434 261
435 261
437 262
438 262
439 263
439 263
440 264
441 263
442 264
443 265
444 265
445 265
446 266
447 266
448 267
449 267
451 268
452 269
454 270
455 270
457 271
458 272
461 273
462 274
464 275
466 276
467 277
469 278
472 280
473 280
406 253
405 252
405 251
404 251
404 250
405 250
405 251
406 251
407 251
408 251
408 252
409 252
410 252
411 253
411 253
412 253
413 253
414 254
415 254
416 255
417 255
417 255
418 255
419 256
420 256
421 256
422 257
423 257
424 257
425 258
426 259
427 259
428 259
429 260
430 260
431 261
432 261
433 262
434 262
435 262
436 263
437 263
438 263
438 264
439 264
440 265
441 265
443 266
444 266
445 266
446 267
446 267
448 268
449 268
451 270
453 270
454 271
456 272
457 273
459 273
461 275
462 275
464 276
466 277
467 278
470 280
472 281
405 253
404 253
403 252
403 252
403 251
403 251
404 251
404 251
405 252
406 252
407 252
408 253
408 253
409 253
410 253
411 254
411 254
412 254
413 254
414 255
415 255
416 256
417 256
418 256
419 257
419 257
420 257
421 258
422 258
423 258
424 259
426 260
426 260
427 260
428 261
429 261
431 262
432 262
433 263
433 263
434 263
435 264
436 264
437 264
438 265
439 265
440 266
441 266
442 266
443 267
444 267
445 268
447 269
448 269
449 270
451 271
452 271
454 273
456 273
457 274
459 275
461 276
462 277
465 278
467 279
468 280
470 281
404 254
402 253
402 253
402 252
402 252
402 252
403 252
403 252
404 252
404 252
405 253
406 253
407 253
407 253
408 254
409 254
410 254
411 255
411 255
412 255
413 255
414 256
415 256
416 257
417 257
418 257
418 258
419 258
420 258
422 259
423 259
424 260
425 260
426 261
427 261
428 262
429 262
430 262
431 263
432 264
433 264
434 264
435 265
436 265
437 265
438 266
439 266
440 267
440 267
441 267
443 268
444 268
445 269
446 270
447 270
449 271
451 272
452 273
454 274
456 275
457 276
460 277
462 278
463 279
465 280
467 281
469 282
402 254
401 253
401 253
401 253
401 253
401 253
402 253
403 253
403 253
404 253
405 254
405 254
406 254
407 254
408 255
408 255
409 255
410 255
411 256
411 256
412 256
413 256
414 257
415 257
416 257
417 258
417 258
419 259
420 259
421 260
422 261
423 261
424 261
425 262
427 262
427 263
428 263
429 264
430 264
431 264
433 265
434 265
434 266
435 266
436 267
437 267
438 267
439 268
440 268
441 268
442 269
443 270
445 270
446 271
447 272
449 273
451 274
453 274
455 276
456 276
458 277
460 278
462 279
464 281
465 281
467 283
400 254
400 254
400 254
400 253
400 253
401 254
401 254
402 254
403 254
403 254
404 254
405 255
406 255
406 255
407 255
408 256
408 256
409 256
410 256
411 257
412 257
412 257
413 257
414 258
415 258
416 258
417 259
418 260
419 260
420 261
421 261
423 262
424 262
425 263
426 263
427 264
428 264
429 265
430 265
431 265
432 266
433 266
434 267
435 267
436 268
437 268
438 268
439 269
440 269
441 270
442 270
444 271
444 271
446 272
447 273
450 274
451 275
453 276
455 277
457 278
458 279
460 280
463 281
464 282
466 283
399 255
398 254
398 254
398 254
399 254
399 254
400 254
400 254
401 255
402 255
402 255
403 255
404 256
405 256
405 256
406 256
407 256
408 257
408 257
409 257
410 257
411 258
411 258
412 258
413 258
414 259
415 259
416 260
418 261
418 261
420 262
421 262
422 263
423 263
424 264
425 264
427 265
428 265
428 266
429 266
430 266
431 267
432 267
433 267
434 268
435 269
436 269
437 269
438 270
439 270
441 271
442 271
443 272
445 273
446 273
448 274
450 276
451 276
453 277
455 278
457 280
459 280
461 282
463 283
465 284
397 255
397 255
397 255
397 254
398 255
398 255
399 255
399 255
400 255
401 256
401 256
402 256
403 256
403 256
404 257
405 257
405 257
406 257
407 257
407 258
408 258
409 258
410 258
410 259
411 259
412 259
413 260
414 260
416 261
417 261
417 262
419 262
420 263
421 264
422 264
424 265
425 265
426 265
427 266
428 267
429 267
430 267
431 268
432 268
433 268
434 269
434 269
436 270
437 270
438 271
439 272
440 272
442 273
443 274
444 274
446 275
448 276
449 277
452 278
453 279
455 280
457 281
459 282
461 283
463 285
396 256
395 256
395 255
395 255
396 255
397 255
397 255
398 256
399 256
400 256
400 256
401 257
402 257
402 257
403 257
404 258
404 258
405 258
405 258
406 258
406 258
407 259
408 259
409 259
409 259
410 260
411 260
412 260
413 261
415 261
415 262
417 263
418 263
419 264
421 265
422 265
423 266
424 266
425 267
427 267
428 268
429 268
429 268
430 269
431 269
432 270
433 270
435 271
436 271
437 271
438 272
439 273
440 273
441 274
443 275
444 275
447 277
448 277
450 278
452 279
454 281
456 282
458 283
460 284
393 256
393 255
394 255
394 256
395 256
396 256
396 256
397 257
398 257
399 257
399 257
400 258
401 258
402 258
402 258
403 258
404 259
405 259
405 259
406 259
406 259
407 260
407 260
408 260
409 260
409 260
411 261
412 261
413 262
414 262
415 263
416 263
418 264
419 265
421 266
421 266
423 267
424 267
425 268
426 268
427 269
428 269
429 269
430 270
431 270
432 271
433 271
434 272
435 272
436 272
438 273
439 274
440 274
442 275
443 276
445 277
447 278
448 279
450 280
452 281
454 282
456 283
458 284
392 257
392 256
392 256
392 256
392 256
393 256
394 257
395 257
395 257
396 257
397 258
398 258
399 258
399 258
400 259
401 259
401 259
402 259
403 260
404 260
404 260
405 260
406 260
406 260
407 261
408 261
408 261
409 261
410 262
411 262
412 263
413 263
415 264
416 264
417 265
419 266
420 267
421 267
423 268
423 268
425 269
426 269
427 270
428 270
429 270
430 271
431 272
432 272
433 272
434 273
435 273
436 274
437 274
439 275
440 276
442 277
443 277
445 278
447 280
449 281
451 282
453 283
455 284
457 285
392 258
391 257
391 257
390 256
391 256
391 257
392 257
393 257
394 258
395 258
396 258
397 259
397 259
398 259
399 259
400 260
401 260
401 260
402 260
403 261
403 261
404 261
404 261
405 261
405 261
406 262
407 262
408 262
408 262
409 263
411 263
412 264
413 264
414 265
415 265
417 266
418 267
420 268
421 268
422 269
423 269
425 270
425 270
426 271
427 271
429 272
430 272
431 273
432 273
433 273
433 274
435 275
436 275
437 276
439 277
440 277
442 278
443 279
446 281
448 281
450 283
452 284
453 285
455 286
390 258
389 257
389 257
389 257
390 257
390 257
391 257
392 258
393 258
394 259
395 259
396 259
397 260
398 260
399 260
399 260
400 261
401 261
402 261
402 261
403 262
404 262
404 262
405 262
405 262
406 263
407 263
408 263
409 264
410 264
411 264
411 265
412 265
414 266
415 266
416 267
418 268
419 269
421 270
422 270
423 271
424 271
425 271
426 272
428 273
428 273
429 273
430 274
431 274
433 275
434 275
435 276
436 276
437 277
438 278
441 279
442 280
444 280
446 282
448 283
450 284
452 285
454 286
390 260
389 259
388 258
388 258
388 257
388 257
389 258
390 258
391 258
392 259
393 259
394 260
395 260
395 260
396 260
397 261
398 261
398 261
399 262
400 262
400 262
401 262
402 263
403 263
403 263
404 263
405 263
406 264
406 264
407 264
408 265
409 265
410 266
411 266
413 267
413 267
415 268
416 268
417 269
419 270
420 271
421 271
423 272
424 272
425 272
426 273
427 274
428 274
430 275
430 275
431 276
432 276
434 277
435 277
436 278
437 278
439 279
441 280
442 281
445 283
447 284
449 285
451 286
453 287
388 260
387 259
387 259
386 258
386 258
387 258
387 258
388 258
389 259
390 259
391 259
392 260
393 260
394 261
394 261
395 261
396 262
397 262
398 262
399 263
399 263
400 263
401 263
402 264
402 264
403 264
404 264
405 265
405 265
406 265
407 265
408 266
409 266
410 267
411 267
412 268
413 268
415 269
415 269
418 270
418 271
420 272
422 272
422 273
424 274
425 274
426 274
427 275
428 275
429 276
431 277
432 277
432 277
434 278
435 279
436 279
438 280
439 281
441 282
444 283
446 285
447 285
449 287
451 288
387 261
386 260
386 259
385 259
386 259
386 259
387 259
388 259
389 260
390 260
390 260
391 261
392 261
393 262
394 262
395 262
396 263
397 263
397 263
398 263
399 264
400 264
401 264
401 264
402 265
403 265
404 265
404 266
405 266
406 267
407 266
407 267
409 268
410 268
411 268
412 269
413 270
414 270
416 271
417 272
419 272
420 273
421 273
422 274
424 275
424 275
426 276
427 276
428 277
429 277
430 278
432 278
433 279
434 280
436 280
437 281
438 282
440 282
441 283
444 285
446 286
448 287
450 288
387 263
386 262
385 261
384 260
384 260
384 259
384 259
385 259
385 259
386 260
387 260
388 260
389 261
389 261
390 261
392 262
392 262
393 263
394 263
395 263
396 264
397 264
397 264
398 265
399 265
400 265
400 265
401 266
402 266
403 266
404 267
405 267
406 268
407 268
408 268
409 269
409 269
411 270
412 270
413 271
414 271
416 272
417 273
418 273
420 274
421 275
422 275
423 276
425 276
426 277
427 278
428 278
429 279
430 279
432 280
433 281
434 281
436 282
437 282
438 283
440 284
443 286
445 287
447 288
385 263
385 263
384 262
383 261
383 261
383 260
383 260
383 260
384 260
385 260
385 261
386 261
387 261
388 262
389 262
390 262
391 263
392 263
393 264
393 264
394 264
395 265
396 265
397 265
398 266
398 266
399 266
400 266
401 267
402 267
403 268
404 268
405 268
405 269
406 269
407 269
409 270
410 271
411 271
412 272
413 272
414 272
415 273
417 274
418 275
419 275
421 276
422 276
423 277
424 277
426 278
427 279
428 279
430 280
431 281
432 281
434 282
435 283
436 283
438 284
439 285
441 286
443 287
445 289
385 264
385 264
384 263
383 262
382 262
382 261
382 261
382 261
382 261
383 261
384 261
385 262
386 262
387 262
388 263
389 263
390 263
390 264
391 264
392 265
393 265
394 265
395 266
396 266
396 266
397 266
398 267
399 267
400 267
401 268
401 268
402 269
403 269
404 269
405 270
407 270
407 271
408 271
410 272
411 272
412 273
413 274
414 274
416 275
417 275
418 276
420 277
420 277
422 278
423 278
424 279
426 280
427 280
428 281
430 282
431 282
432 283
434 284
435 284
437 285
438 286
439 286
442 288
444 289
383 265
383 265
383 264
383 264
381 262
381 262
381 262
382 262
382 262
383 262
383 262
384 262
385 263
386 263
387 263
388 264
388 264
389 264
390 265
391 265
392 266
393 266
394 266
395 267
396 267
397 267
397 268
398 268
399 268
400 268
401 269
402 270
403 270
404 270
405 271
406 271
407 272
408 272
409 273
410 273
412 274
413 275
414 275
415 276
417 276
418 277
419 278
420 278
422 279
423 280
425 280
425 281
427 282
429 282
430 283
432 284
433 285
434 285
435 286
437 287
438 287
441 289
442 289
382 265
382 265
382 265
381 264
380 263
380 263
381 263
381 263
381 262
382 263
382 263
383 263
383 263
385 264
385 264
386 264
387 265
388 265
389 265
390 266
391 266
392 267
393 267
393 267
394 268
395 268
396 268
396 268
397 269
398 269
399 269
400 270
402 271
402 271
403 271
405 272
406 273
407 273
408 274
409 274
410 274
411 275
412 276
414 276
415 277
416 278
418 278
419 279
420 279
422 280
423 281
424 281
426 282
427 283
429 284
430 285
432 285
433 286
435 287
436 288
438 289
440 290
441 290
379 265
379 265
379 265
379 264
379 264
379 264
379 263
379 263
379 263
380 263
380 263
381 263
382 264
383 264
384 264
384 265
385 265
386 265
387 266
388 266
389 266
390 267
391 267
392 268
392 268
393 268
394 269
395 269
396 269
397 270
398 270
399 270
400 271
401 272
402 272
404 273
404 273
405 274
407 274
408 275
409 275
410 276
411 276
413 277
414 278
415 278
416 279
417 279
419 280
420 281
422 282
423 282
424 283
426 284
427 284
429 285
430 286
432 287
434 288
435 289
436 289
438 290
377 265
377 265
377 265
378 265
377 264
378 264
377 264
377 263
377 263
378 263
378 263
379 263
380 264
380 264
381 264
382 265
383 265
384 266
385 266
386 266
387 267
388 267
388 267
389 268
390 268
391 269
392 269
393 269
394 270
395 270
396 270
396 271
397 271
398 272
399 272
401 273
402 273
403 274
404 274
406 275
406 275
408 276
409 277
410 277
411 278
412 278
414 279
415 280
416 280
418 281
419 282
421 282
422 283
424 284
425 284
426 285
428 286
429 287
431 288
433 289
434 289
436 290
437 291
376 266
375 265
375 265
375 265
375 264
375 264
375 264
375 264
375 263
376 263
377 264
377 264
378 264
378 264
379 265
380 265
381 265
382 266
383 266
384 267
385 267
386 267
387 268
387 268
388 268
389 269
390 269
391 270
392 270
393 270
394 271
395 271
396 272
397 272
398 273
399 273
400 274
402 274
403 275
404 276
405 276
407 277
408 277
408 278
410 278
411 279
412 279
413 280
415 281
416 281
418 282
419 283
420 283
422 284
423 285
425 286
426 287
428 287
429 288
431 289
433 290
434 291
436 292
373 265
372 265
373 264
373 264
373 264
373 264
373 264
373 264
374 264
375 264
375 264
376 264
377 265
378 265
378 265
379 266
380 266
381 266
382 267
383 267
384 268
385 268
386 269
386 269
388 269
389 270
390 270
391 271
391 271
392 271
393 272
394 272
396 273
397 273
397 274
399 274
400 275
401 276
403 276
404 277
405 277
406 278
407 278
409 279
410 279
410 280
411 280
413 281
414 282
416 283
417 283
419 284
420 285
422 286
423 286
425 287
426 288
428 289
429 290
431 291
434 292
371 265
371 265
370 264
370 264
370 264
371 264
372 264
372 264
373 264
373 264
374 265
375 265
376 265
377 266
377 266
378 266
379 267
380 267
381 267
382 268
383 268
384 269
385 269
386 270
387 270
388 270
389 271
390 271
390 272
391 272
393 273
394 273
395 274
396 274
398 275
399 275
400 276
402 277
402 277
403 278
405 279
406 279
407 279
408 280
409 280
410 281
412 282
413 282
415 283
416 284
418 285
419 286
421 287
423 288
425 289
426 289
427 290
429 291
430 291
432 293
370 267
370 266
369 266
369 265
369 265
368 265
368 264
368 264
369 264
369 264
370 264
370 264
371 264
371 264
372 265
373 265
374 265
375 266
375 266
376 267
377 267
378 267
379 268
380 268
381 268
382 269
383 270
384 270
385 270
386 271
387 271
388 272
389 272
390 273
391 273
392 274
393 274
395 275
396 275
397 276
399 277
400 278
401 278
403 279
404 279
404 280
406 280
407 281
408 281
409 281
410 282
412 283
413 284
415 285
416 285
418 287
420 287
421 288
423 289
425 290
426 291
427 291
429 292
430 293
369 267
368 267
367 266
367 266
367 265
366 265
367 265
366 264
367 264
368 264
368 264
368 264
369 265
369 265
370 265
371 265
372 266
373 266
374 266
374 267
375 267
376 268
377 268
378 268
379 269
380 269
381 270
382 270
383 271
384 271
385 272
386 272
388 273
389 273
390 274
391 274
392 275
394 276
394 276
396 277
397 278
398 278
400 279
402 280
403 280
404 281
405 281
406 282
407 282
408 283
409 283
410 284
412 285
413 285
415 286
417 287
419 288
420 289
421 290
423 290
425 292
427 292
427 293
367 268
366 267
366 266
366 266
366 266
365 265
365 265
365 265
366 265
366 265
367 265
368 265
368 265
369 266
369 266
370 266
371 266
372 267
373 267
373 267
374 268
375 268
376 268
377 269
378 270
379 270
380 270
381 271
382 271
384 272
385 273
386 273
387 273
388 274
389 275
391 275
392 276
394 277
395 278
397 279
398 279
399 280
401 281
402 281
403 282
404 282
405 282
406 283
407 284
408 284
409 284
411 285
412 286
414 287
415 288
417 289
419 290
420 290
422 291
423 292
365 268
365 268
365 268
365 267
365 267
364 267
364 266
364 266
364 266
364 265
364 265
365 265
365 266
366 266
367 266
367 266
368 266
369 267
370 267
370 267
371 267
372 268
372 268
373 268
374 269
375 269
377 270
377 270
378 271
380 271
381 272
382 272
383 273
385 274
386 274
387 275
389 276
389 276
391 277
392 278
394 278
395 279
397 280
398 280
399 281
401 282
402 282
403 283
404 284
405 284
407 285
407 285
408 285
410 286
411 287
412 287
414 288
416 289
417 290
419 291
363 269
364 269
364 269
364 268
364 268
364 268
363 267
363 267
363 267
363 267
364 266
364 266
364 266
365 267
365 267
366 267
366 267
367 267
368 267
368 268
369 268
370 268
371 269
372 269
373 269
374 270
375 270
376 270
377 271
378 272
379 272
380 273
381 273
383 274
384 275
386 276
387 276
389 277
390 278
391 278
393 279
394 280
396 281
397 281
398 282
400 283
401 283
402 284
403 285
404 285
405 285
407 286
408 287
409 287
410 288
412 288
413 289
415 290
416 291
362 269
362 269
362 269
363 269
362 269
363 269
362 268
363 268
362 268
362 268
363 268
363 268
363 267
364 267
364 267
364 267
365 268
365 268
366 268
366 268
367 268
367 268
368 269
369 269
370 269
371 270
372 270
373 270
374 271
375 271
376 272
378 273
378 273
379 273
381 274
382 275
384 276
385 277
387 277
388 278
390 279
391 280
393 281
394 281
396 282
397 283
398 283
400 284
401 285
402 285
404 286
405 286
406 287
407 288
408 288
410 289
411 290
412 290
360 270
360 270
360 270
360 270
361 269
360 269
361 269
361 269
361 268
361 268
362 269
362 269
362 269
363 269
363 268
363 268
363 268
364 268
364 268
365 269
365 269
366 269
366 269
367 269
368 270
368 269
370 270
371 271
371 271
372 271
373 272
375 273
376 273
377 274
378 274
379 274
380 275
382 276
384 277
386 278
387 279
388 279
389 280
391 281
393 282
395 283
396 284
397 284
398 285
400 286
401 286
403 287
404 288
405 288
406 289
408 290
409 290
357 270
357 270
357 269
358 269
358 269
358 269
359 269
359 269
359 269
359 269
360 269
360 269
360 269
361 269
361 269
361 269
362 269
362 269
362 269
363 269
363 269
364 269
364 269
365 269
365 269
366 270
367 270
368 270
369 271
370 271
371 272
372 272
373 273
374 274
375 274
376 274
378 275
378 275
380 276
382 277
384 278
385 279
387 280
388 281
390 281
391 282
393 283
395 284
396 285
397 285
399 286
400 287
402 288
403 289
405 289
405 290
407 291
355 270
355 270
355 269
356 270
356 269
356 269
356 269
357 269
357 269
358 269
358 269
358 269
358 269
359 269
359 269
360 269
359 269
360 269
360 269
361 269
362 269
362 269
363 270
363 270
364 270
365 270
366 271
366 271
367 272
368 272
369 272
370 273
371 273
372 274
373 274
375 275
376 275
377 276
378 276
380 277
381 278
383 279
385 280
386 281
388 282
390 283
391 284
393 285
394 285
396 287
397 287
399 288
400 288
402 289
403 290
405 291
406 292
352 270
353 270
353 270
353 269
353 269
353 269
353 269
354 269
354 269
354 269
354 269
355 269
356 269
356 269
357 269
357 269
357 269
357 269
358 269
359 269
359 269
359 269
360 270
361 270
361 270
362 270
363 271
364 271
365 271
365 272
366 272
367 272
368 273
370 274
370 274
371 274
373 275
374 276
375 276
376 277
378 278
379 278
381 279
383 280
384 281
386 282
388 283
389 284
392 285
393 286
395 287
397 288
398 289
400 290
401 290
402 291
403 291
405 292
350 270
350 269
350 269
350 269
350 268
350 268
350 268
351 268
351 268
351 268
352 269
352 268
353 269
353 269
354 269
354 269
355 269
356 269
356 269
357 270
357 270
357 269
358 270
358 270
359 270
360 270
361 271
362 271
363 272
364 272
364 272
366 273
367 273
368 274
369 274
370 275
371 275
372 276
373 277
375 277
376 278
377 279
378 279
380 280
382 281
384 282
386 283
388 284
390 285
392 287
393 287
395 289
397 289
398 290
400 291
401 291
402 292
347 269
348 269
348 269
348 269
347 268
348 268
348 268
348 268
349 268
349 268
350 268
351 269
351 269
352 269
353 269
354 270
354 269
354 269
355 270
355 270
356 270
356 270
357 270
358 271
359 271
360 271
361 272
362 272
362 273
364 273
365 274
366 274
367 274
368 275
369 276
371 276
371 277
373 278
374 278
375 279
377 280
378 280
380 281
382 282
384 284
386 284
388 286
390 287
392 288
393 289
395 290
397 291
398 292
400 292
401 293
346 270
346 270
346 269
346 269
346 268
345 268
345 267
346 268
346 268
346 268
348 268
349 269
350 269
350 269
351 269
352 270
352 270
353 270
354 270
354 270
355 271
356 271
357 271
358 272
359 272
360 272
361 273
362 274
363 274
364 274
365 275
366 275
367 276
369 277
370 277
371 278
373 279
374 279
375 280
376 281
378 281
379 282
382 284
384 285
386 286
388 287
390 288
392 290
394 290
395 291
397 292
399 293
345 270
344 270
344 269
344 269
343 268
343 268
342 267
343 267
344 267
344 267
345 268
346 268
346 268
347 268
348 269
348 269
349 269
350 269
351 270
351 270
352 270
353 270
353 271
354 271
355 271
356 272
357 272
358 273
359 273
360 274
361 274
362 274
363 275
364 276
366 276
367 277
368 278
369 278
371 279
372 280
374 280
375 281
376 282
378 282
380 284
382 285
384 286
386 287
388 289
390 290
392 291
394 292
396 293
397 293
343 271
342 270
342 269
341 269
341 267
341 267
341 267
341 267
342 268
342 268
343 268
344 268
344 268
345 269
346 269
346 269
347 269
348 270
349 270
350 270
351 271
351 271
352 271
353 272
354 272
356 273
356 273
357 274
358 274
359 274
360 275
362 276
362 276
364 277
365 277
366 278
368 279
369 279
370 280
372 281
373 281
375 282
376 283
378 284
381 286
383 287
385 288
386 289
388 290
390 291
392 292
394 293
342 271
341 271
340 270
340 269
339 268
339 268
339 268
339 268
339 268
339 267
340 268
340 268
341 268
342 268
342 268
343 269
343 269
345 269
345 269
346 270
347 270
348 270
349 271
350 271
350 272
351 272
352 272
353 273
355 273
355 274
356 274
357 275
359 275
360 276
361 277
362 277
363 277
364 278
366 279
367 280
368 280
370 281
372 282
373 283
375 284
376 285
379 286
381 287
383 289
385 289
387 291
389 292
391 293
392 293
339 271
339 270
338 269
338 269
337 268
337 268
337 268
338 268
339 268
339 268
340 268
340 269
341 269
342 269
342 269
343 270
344 270
346 271
346 271
347 271
348 271
349 272
349 272
350 272
352 273
353 274
354 274
355 275
356 275
357 276
358 276
359 277
360 277
362 278
363 279
364 279
365 280
367 281
369 282
370 282
372 284
374 284
375 285
377 286
380 288
382 289
384 290
386 291
387 292
389 293
338 271
338 271
337 270
336 270
335 268
336 268
336 268
336 268
337 269
337 269
338 269
339 269
339 269
340 270
341 270
342 270
343 271
344 271
345 271
346 272
346 272
347 272
348 273
349 273
350 274
351 274
352 275
353 275
355 276
356 276
356 277
357 277
359 278
360 279
361 279
363 280
364 281
366 281
367 282
369 283
371 284
372 285
374 286
376 287
379 289
380 290
382 291
384 292
386 293
388 294
336 272
335 271
334 270
334 269
334 269
334 269
334 269
335 269
335 269
336 269
337 270
337 269
338 270
339 270
340 271
341 271
342 271
342 272
343 272
344 272
345 273
346 273
347 273
348 274
349 274
349 275
350 275
352 276
353 276
354 277
355 277
356 278
357 278
358 279
360 280
361 280
362 281
364 282
366 283
367 284
369 284
370 285
373 286
375 288
376 289
379 290
381 291
383 293
385 293
387 295
334 271
333 270
332 269
333 269
333 269
333 269
334 270
334 269
335 270
335 270
336 270
337 270
338 271
339 271
339 271
340 271
341 272
341 272
342 273
343 273
344 273
345 274
346 274
347 275
348 275
349 276
350 276
351 277
352 277
354 278
355 278
356 279
357 279
359 280
359 281
361 281
363 282
365 284
366 284
368 285
369 286
371 287
373 288
375 289
378 291
380 292
382 293
383 294
385 295
333 272
332 271
331 270
331 270
331 269
332 270
333 270
333 270
334 270
334 270
335 271
336 271
337 271
337 271
338 272
338 272
339 272
340 273
341 273
342 274
343 274
344 274
345 275
345 275
347 276
348 276
349 277
350 277
350 277
352 278
353 279
354 279
356 280
357 280
358 281
360 282
361 283
363 284
365 285
366 286
368 287
370 288
372 289
374 290
377 292
378 293
381 294
382 295
384 296
330 271
329 270
330 271
331 270
331 270
332 271
332 271
333 271
334 271
334 272
335 272
335 272
336 272
337 273
338 273
339 273
340 274
341 274
342 275
342 275
343 275
344 276
345 276
346 276
347 277
348 278
349 278
351 279
352 279
353 280
354 280
355 281
357 282
358 283
360 284
361 284
364 286
366 287
367 288
369 288
371 290
372 290
374 292
377 293
379 295
381 295
330 273
329 271
328 271
329 271
329 271
330 271
331 272
331 272
332 272
333 272
333 272
334 273
335 273
336 273
337 274
338 274
339 275
339 275
340 275
341 276
342 276
343 276
344 277
345 277
345 277
346 278
348 279
349 279
350 280
351 280
353 281
354 282
356 283
357 283
358 284
360 285
362 286
364 288
366 288
367 289
370 290
371 291
373 292
376 294
377 295
379 296
329 273
328 272
328 272
329 272
329 272
330 272
330 272
331 273
332 273
333 273
333 273
334 274
335 274
336 274
336 275
337 275
337 275
338 275
339 276
341 277
342 277
342 277
343 278
344 278
345 278
346 279
347 280
348 280
350 281
351 281
353 282
354 283
355 284
357 284
359 286
360 286
363 288
365 289
367 290
369 291
370 292
372 293
375 295
376 295
378 296
328 274
327 273
328 273
328 273
329 273
330 273
330 273
331 274
331 274
332 274
333 274
333 275
334 275
335 275
336 276
337 276
338 277
338 276
339 277
340 278
341 278
341 278
343 279
344 279
345 279
346 280
347 281
348 281
349 282
350 282
352 283
354 284
355 285
357 286
359 287
361 288
363 290
366 291
368 292
369 293
371 294
373 295
375 296
376 297
328 274
328 274
328 274
328 274
329 274
329 274
330 275
331 275
331 275
332 275
333 276
334 276
335 276
336 277
336 277
337 278
338 278
339 278
340 279
341 279
342 279
342 280
343 280
344 280
345 281
347 282
347 282
349 283
350 283
352 284
354 285
355 286
357 287
359 289
361 290
364 291
366 292
368 294
370 295
371 296
374 297
375 298
327 275
327 275
328 276
329 276
329 275
330 276
330 276
331 276
332 276
332 276
333 277
333 277
334 277
335 278
336 278
337 279
338 279
339 279
339 280
340 280
341 280
342 281
343 281
344 282
345 282
346 283
347 283
349 284
349 284
352 286
353 286
355 288
357 289
360 290
362 291
364 293
367 294
369 295
370 296
372 297
374 298
327 277
328 277
328 277
328 277
329 277
329 277
329 277
330 277
331 277
331 277
332 278
333 278
334 279
335 279
336 279
336 280
337 280
338 280
339 281
340 281
341 281
342 282
343 282
343 283
345 283
346 284
347 285
348 285
350 286
352 287
353 288
355 289
357 290
359 291
362 293
364 294
366 295
368 296
370 298
372 299
327 278
327 278
328 278
328 278
329 278
329 278
330 278
330 278
331 279
332 279
332 279
333 279
334 280
334 280
335 280
336 281
337 281
338 281
339 282
340 282
340 282
341 283
343 284
344 284
345 284
345 285
347 286
348 286
349 287
351 288
353 289
354 290
357 291
359 293
362 294
364 295
366 297
368 298
371 299
327 279
328 279
327 279
328 279
328 279
329 279
329 279
330 280
330 280
331 280
332 280
333 281
333 281
334 281
335 281
336 282
337 282
337 282
338 283
340 284
340 283
342 284
342 285
343 285
345 286
346 286
347 287
348 287
349 288
351 289
353 290
355 291
357 292
359 294
361 295
364 296
366 298
368 299
327 280
327 280
327 280
328 280
328 280
329 280
329 280
330 281
330 281
331 281
332 281
332 282
333 282
334 282
335 283
336 283
337 283
338 284
339 284
339 285
340 285
341 285
342 286
344 286
344 287
345 287
347 288
348 288
350 290
351 290
353 291
354 292
356 293
359 295
361 296
363 297
366 299
326 281
326 281
327 281
327 281
328 281
328 281
329 282
329 282
330 282
330 282
331 282
332 283
333 283
334 283
335 284
336 284
336 284
337 285
338 285
339 286
340 286
341 286
342 287
343 288
345 288
345 289
346 289
348 290
349 291
351 291
352 292
355 294
357 295
358 296
361 297
363 298
326 282
326 282
326 282
327 282
327 282
327 282
328 282
329 283
329 283
330 283
330 283
331 283
332 284
333 284
333 284
334 285
335 285
336 286
337 286
338 286
339 287
339 287
341 288
342 288
343 289
344 289
346 290
347 291
348 291
350 292
351 293
353 294
354 295
356 296
358 297
361 298
325 283
325 283
325 283
325 283
326 283
327 283
327 283
328 284
328 284
329 284
330 284
331 285
331 285
332 285
333 285
334 286
335 286
336 287
336 287
337 287
339 288
340 288
341 289
342 290
343 290
344 291
345 291
347 292
348 293
350 294
351 294
352 295
354 296
356 297
359 298
360 299
324 284
324 284
324 283
325 284
325 284
326 284
326 284
327 284
328 285
328 285
329 285
330 285
331 286
332 286
332 287
333 286
333 287
334 287
336 288
337 288
338 289
338 289
339 289
341 290
342 291
343 291
344 292
346 293
346 293
348 294
349 295
351 295
352 296
355 297
356 298
358 300
323 285
323 284
324 284
324 284
325 285
326 285
326 285
327 285
327 286
328 286
329 286
329 286
330 287
331 287
332 288
333 288
334 288
335 289
335 289
336 289
337 290
338 290
340 291
340 291
342 292
343 292
344 293
345 294
346 294
348 295
350 296
351 297
353 298
354 299
356 300
322 285
322 285
322 285
323 285
323 285
324 286
325 286
325 286
326 286
327 287
328 287
329 288
330 288
331 288
331 288
332 289
332 289
333 289
334 290
335 290
337 291
337 291
338 292
339 292
341 293
342 293
342 293
344 294
345 295
346 295
348 296
349 297
351 298
352 299
354 300
356 301
321 286
321 286
321 286
321 286
321 286
322 286
322 286
323 286
324 287
325 287
326 287
327 288
328 288
328 289
329 289
330 289
331 290
332 290
333 290
334 291
334 291
335 291
336 292
337 292
338 293
339 293
340 294
342 295
343 295
343 295
344 296
346 297
347 297
349 298
351 299
353 300
354 301
319 287
320 286
320 286
320 286
320 286
321 287
322 287
323 288
324 288
325 289
326 289
327 289
328 290
329 290
329 290
330 291
331 291
331 291
332 291
333 292
334 292
336 293
336 293
337 294
338 294
339 294
340 295
341 296
342 296
343 296
345 297
346 298
348 299
349 300
351 300
352 301
318 287
318 287
318 287
319 287
319 287
319 287
320 287
321 288
322 288
324 289
325 290
325 290
326 290
327 291
328 291
329 291
330 292
330 292
331 292
332 292
333 293
333 293
334 294
335 294
336 294
337 295
338 296
339 296
340 296
341 297
342 297
343 298
344 298
346 299
347 300
349 301
351 302
352 303
316 287
316 287
317 287
317 287
318 288
318 288
319 288
320 289
321 289
322 290
323 290
325 291
326 291
329 293
330 293
331 294
332 294
333 294
334 295
334 295
335 295
336 296
338 297
339 297
339 297
340 298
342 299
343 299
344 299
345 300
346 300
347 301
349 302
350 303
315 288
315 288
315 288
315 288
316 288
317 288
318 289
319 289
320 290
321 291
323 291
324 292
325 292
332 295
333 296
335 297
335 297
336 297
337 298
338 298
339 298
340 299
341 300
342 300
343 300
344 301
345 302
346 302
348 303
349 304
313 288
313 288
314 289
314 289
314 288
315 289
316 289
318 290
319 291
320 291
322 292
324 293
324 294
336 299
337 299
338 299
340 300
341 301
341 301
342 301
344 303
345 303
346 303
348 304
349 305
312 289
311 289
311 288
312 289
312 289
313 289
314 289
315 290
316 290
318 291
319 292
321 293
322 294
324 295
341 302
342 303
343 303
344 304
345 304
309 289
309 289
309 289
309 289
310 289
310 289
311 289
312 290
313 290
315 291
316 292
317 292
320 294
321 294
323 295
308 289
307 289
308 289
308 289
309 289
309 289
310 290
312 291
313 291
314 292
316 293
318 294
320 295
323 297
305 289
305 289
305 289
306 289
306 289
308 290
309 291
310 291
311 292
313 293
316 294
318 295
319 296
321 297
304 290
303 289
304 289
304 289
304 289
305 290
306 290
307 291
309 292
310 292
312 293
313 294
316 296
318 297
319 298
301 290
302 290
302 290
303 290
303 290
304 290
304 291
305 291
307 292
308 293
310 294
312 295
315 296
317 297
318 298
299 290
299 290
300 290
300 290
301 290
301 290
302 290
303 291
304 292
305 292
307 293
309 294
311 295
312 296
315 298
297 290
298 290
298 290
299 290
299 290
300 291
300 291
301 291
303 292
304 293
306 294
308 295
309 296
311 297
314 298
295 290
296 290
296 290
296 290
297 290
298 291
299 292
300 292
302 293
303 294
305 294
306 295
308 296
310 297
311 298
294 291
294 290
294 290
295 291
295 291
296 291
297 292
299 293
300 293
301 294
303 295
305 296
307 297
308 298
310 299
293 292
293 291
293 291
294 291
294 291
295 292
296 292
298 293
298 294
300 294
302 296
304 297
306 298
307 299
292 292
291 292
292 292
293 292
293 292
294 293
296 293
297 294
299 295
301 296
302 297
304 298
306 299
290 292
291 293
291 293
291 293
292 293
293 293
294 294
296 295
297 296
300 297
301 298
303 299
305 300
289 294
289 293
289 293
290 293
290 293
291 294
292 294
293 295
294 295
296 296
298 297
300 298
301 299
303 300
287 294
288 294
288 294
288 294
289 294
290 294
290 295
292 295
293 296
294 297
296 298
298 299
300 300
302 301
285 294
286 294
286 294
286 294
286 294
287 294
288 294
289 295
290 296
292 296
293 297
295 298
297 299
299 301
283 294
284 294
284 294
284 294
285 294
286 295
287 295
287 295
289 296
290 297
292 298
294 299
295 300
297 301
282 295
283 295
283 295
284 295
284 295
285 295
286 296
288 297
289 298
291 298
293 300
294 301
296 301
281 295
281 295
281 295
281 295
282 295
283 296
283 296
285 297
286 298
288 298
289 299
292 300
293 301
280 296
279 296
280 296
280 295
280 295
281 296
282 296
283 297
285 298
287 299
288 300
290 301
292 302
278 297
278 296
278 296
278 296
279 296
280 297
281 297
283 298
285 299
286 300
288 301
291 302
277 298
277 297
277 297
276 296
277 296
277 297
278 297
278 297
279 297
281 299
282 299
285 301
287 302
289 303
275 298
275 298
275 297
275 297
275 297
275 297
276 297
276 297
277 297
278 298
280 299
281 300
284 301
285 302
287 303
274 298
273 298
273 297
273 297
273 297
274 298
274 297
274 297
275 298
277 299
278 299
279 300
281 301
283 302
286 303
272 298
271 297
271 297
272 298
272 298
273 298
274 298
276 299
276 300
278 300
279 301
282 303
269 298
270 298
270 298
271 298
272 299
273 299
274 299
275 300
277 301
278 302
280 303
267 298
268 298
268 298
268 298
269 298
270 299
272 300
272 300
274 301
275 302
277 302
278 303
265 298
266 298
266 298
267 298
267 299
269 299
270 300
271 301
273 301
274 302
276 303
277 304
264 299
264 299
264 299
265 299
265 298
266 299
267 300
269 300
270 301
272 302
273 303
274 304
276 305
263 299
262 299
263 299
263 299
264 299
264 299
265 300
267 301
268 301
270 302
272 304
273 304
275 305
261 300
261 300
261 299
261 299
262 299
262 300
264 300
265 301
267 302
268 303
270 304
272 305
274 306
260 301
260 300
259 300
260 300
260 300
261 300
263 301
264 301
265 302
267 304
269 304
271 306
259 301
259 301
258 300
259 301
259 301
260 301
261 301
263 303
264 303
265 304
267 305
269 306
258 302
257 301
257 301
257 301
258 301
258 301
259 302
260 302
261 303
263 304
264 304
266 305
268 306
256 302
256 302
256 302
256 301
256 301
257 302
258 302
258 302
260 303
261 304
263 305
264 306
254 302
254 302
254 302
254 302
255 302
255 302
256 302
256 303
257 303
258 303
260 304
261 305
263 306
252 303
252 303
252 302
253 302
253 302
254 303
254 303
255 303
255 303
257 304
258 305
260 306
251 303
251 303
251 303
252 303
252 303
252 303
253 304
254 304
256 305
257 306
259 306
250 304
249 303
250 304
249 303
250 304
250 303
251 304
252 304
254 305
254 305
256 306
257 307
248 304
248 304
248 304
248 304
248 304
249 304
249 304
250 304
252 305
253 306
255 307
256 308
246 304
246 304
246 304
246 304
247 304
247 304
248 305
249 305
250 306
252 307
253 307
255 308
244 305
244 304
244 304
244 304
245 305
245 305
245 304
246 305
248 306
249 306
250 307
252 308
254 309
242 305
242 305
243 304
243 305
243 305
244 305
245 305
246 306
247 307
249 307
250 308
253 310
240 305
240 305
241 305
241 305
241 305
242 305
242 305
243 306
245 306
246 307
247 308
248 308
251 310
238 305
239 305
238 304
239 305
240 305
240 305
241 305
242 306
243 307
244 307
246 308
247 309
249 310
235 304
235 304
235 304
236 304
236 304
238 305
239 306
240 306
242 307
243 308
245 309
247 310
234 305
234 305
234 305
234 305
235 305
236 305
237 306
239 307
240 308
242 309
243 309
233 306
232 305
233 305
233 305
234 306
235 306
236 307
237 307
239 308
241 309
242 310
231 306
231 306
231 306
232 306
233 306
234 307
234 307
236 308
237 309
239 309
241 311
229 306
229 306
229 306
230 306
231 306
232 307
233 308
235 308
236 309
238 310
240 311
227 306
227 306
228 306
228 306
230 307
230 307
232 308
233 309
235 310
236 311
239 312
225 306
225 306
225 306
226 306
227 307
228 307
229 308
230 308
232 309
234 311
235 311
237 313
223 306
223 306
223 306
224 307
225 307
226 307
227 308
229 309
230 310
232 311
234 312
236 313
222 307
222 307
222 307
222 307
223 307
225 308
225 308
227 309
228 310
231 311
233 313
234 313
221 308
222 308
221 308
221 308
221 307
222 308
223 308
224 309
226 310
227 311
229 312
231 313
233 314
220 309
220 309
220 309
220 308
220 308
221 308
222 309
222 309
225 310
226 311
228 313
230 313
220 310
219 309
219 309
219 309
220 309
220 309
220 309
221 310
223 311
225 312
227 313
218 310
217 309
218 309
218 310
218 310
219 310
220 310
222 311
224 313
225 313
216 310
216 310
216 310
216 310
217 310
218 311
219 311
220 312
223 313
224 314
215 311
215 311
214 310
215 311
215 311
216 311
217 311
218 312
219 312
221 313
223 315
213 311
213 311
213 311
213 311
214 311
215 312
216 312
216 312
218 313
219 313
222 315
211 311
211 311
211 311
212 311
212 311
213 312
214 312
215 313
217 314
218 314
219 315
210 312
210 312
210 312
210 312
211 312
212 312
213 313
214 313
215 314
216 315
218 316
219 316
209 312
208 312
208 312
209 312
210 313
211 313
211 313
213 314
214 314
215 315
217 316
218 317
207 313
207 313
207 312
208 313
209 313
209 314
210 314
212 315
213 315
214 316
216 317
206 313
206 313
206 313
206 313
207 313
208 314
209 315
210 315
211 316
204 313
204 313
204 313
204 313
205 314
206 314
206 314
207 315
209 315
210 316
202 314
202 314
202 313
203 314
204 314
204 314
205 315
206 315
207 316
209 317
200 314
201 314
201 314
202 314
203 315
203 315
205 316
206 317
208 318
198 314
198 314
198 314
199 314
200 314
201 315
202 316
204 317
205 317
207 318
195 314
196 314
196 314
196 314
197 314
198 315
199 315
200 316
202 317
203 318
205 319
207 320
194 314
194 314
194 314
194 314
195 314
195 314
196 315
198 316
199 316
201 317
202 318
204 319
206 320
192 315
192 314
193 314
193 315
193 315
195 315
196 316
197 317
199 317
201 319
202 320
204 320
191 315
191 315
191 315
192 315
192 315
193 316
195 316
196 317
198 318
199 319
201 320
203 321
191 316
191 316
191 316
191 316
191 316
192 316
193 317
193 317
195 318
196 319
198 320
190 317
190 317
190 317
190 317
191 317
191 317
191 317
193 318
194 319
195 319
188 317
188 317
189 317
189 317
189 317
189 317
190 318
191 318
193 320
187 318
187 318
187 317
187 318
188 318
188 318
189 318
191 319
192 320
185 318
185 318
186 318
186 318
186 318
187 319
189 320
189 320
191 321
183 318
184 318
184 319
184 319
185 319
186 319
187 320
188 321
190 321
182 319
182 319
182 319
182 319
183 319
184 320
185 320
186 321
187 321
189 322
191 323
180 319
180 319
181 319
181 319
182 320
183 320
184 321
185 321
186 322
187 323
189 323
178 319
178 319
179 319
179 320
180 320
181 320
182 321
183 322
185 322
186 323
176 319
176 319
177 319
178 320
178 320
179 320
181 321
182 322
184 323
185 324
174 319
175 320
175 320
176 320
177 321
178 321
179 322
180 322
182 323
172 319
173 320
174 320
175 321
175 321
176 321
178 322
179 323
172 320
173 321
173 321
174 321
175 322
176 323
171 321
171 321
172 322
173 322
174 322
175 323
170 322
170 322
171 322
172 323
173 323
174 324
168 322
168 322
169 323
170 323
171 323
171 324
173 325
166 322
167 323
168 323
169 324
170 324
170 324
165 323
165 323
166 323
168 324
168 325
170 325
171 326
163 323
164 324
165 324
166 324
167 325
168 326
169 326
162 324
162 324
164 325
165 325
166 326
167 326
168 327
162 325
163 325
163 326
164 326
166 327
167 328
162 326
162 326
163 326
165 327
160 326
161 327
